593
546
291
237
156
574
516
619
385
414
168
73
146
1071
639
624
389
1539
1453
744
465
322
77
560
577
575
406
1100
1101
1102
1104
1106
1107
773
540
248
468
75
77
78
79
81
87
89
93
95
96
99
101
102
103
104
198
205
358
69
105
82
84
85
143
145
146
150
72
482
68
186
105
75
60
108
179
265
68
68
76
822
511
979
981
414
302
475
360
715
673
151
142
75
71
67
70
72
62
83
75
74
118
119
113
116
118
120
222
125
131
165
177
198
207
98
80
77
181
83
97
105
109
122
129
174
182
189
205
214
222
236
242
244
246
252
235
234
70
76
113
120
134
141
176
180
186
111
114
117
122
128
130
132
135
139
141
142
143
65
80
88
60
126
119
66
75
76
158
94
94
95
95
95
96
96
97
97
98
98
98
98
99
99
99
99
99
110
111
112
112
113
113
113
113
114
117
121
123
125
137
137
137
137
138
138
139
140
141
142
142
144
156
157
158
159
159
159
160
160
160
160
161
161
161
161
169
170
170
171
171
171
171
171
171
172
172
172
172
173
174
174
300
72
80
228
69
341
72
73
78
63
76
60
118
191
89
60
79
78
70
172
136
62
68
161
162
163
164
164
164
165
165
165
256
67
222
109
106
139
73
74
74
63
62
82
63
64
96
61
71
185
137
137
137
70
279
61
87
64
64
64
64
64
65
65
65
65
65
65
65
66
66
66
66
66
66
66
66
67
67
67
67
67
68
68
68
68
68
68
69
69
69
69
69
69
69
70
70
70
70
70
70
70
71
71
71
71
71
71
71
71
72
72
93
93
93
70
70
70
260
241
242
243
243
244
244
245
245
246
247
247
247
248
248
248
248
249
249
249
250
250
250
251
251
251
252
252
252
253
253
253
254
254
254
255
255
255
256
257
258
258
259
260
260
260
261
261
262
262
262
263
263
247
67
62
185
186
182
183
176
177
177
177
177
178
178
178
178
178
178
178
178
178
179
179
179
179
179
179
179
179
179
180
180
180
180
180
180
180
180
180
181
181
181
181
181
181
181
182
182
182
182
182
182
182
182
90
90
90
91
91
92
92
92
92
93
93
93
93
93
93
94
94
94
94
95
95
95
95
95
95
96
96
96
96
96
97
97
97
97
97
97
98
98
98
98
98
99
99
99
99
99
99
100
100
100
101
101
65
58
58
64
64
134
96
85
188
